#include "mbed.h"
#define DAC_Frequency 50000000
#include "hcsr04.h"
 
 Serial pc(USBTX, USBRX);
 Timer timer;
 HCSR04 sensor(A4, A5);
 HCSR04 left(A0, A1);
 HCSR04 rigth(D0, D1);
 
 float a, b, c;
 
 //Inicialitzem DA1...DA2
DigitalOut dac1(A2);
DigitalOut dac2(D13);
 
//Vector ESA DACs
float seq1[] = {0.00100000000000000,0.00400000000000000,0.00700000000000000,0.0100000000000000,0.0130000000000000,0.0160000000000000,0.0190000000000000,0.0220000000000000,0.0250000000000000,0.0280000000000000,0.0310000000000000,0.0340000000000000,0.0370000000000000,0.0400000000000000,0.0430000000000000,0.0460000000000000,0.0490000000000000,0.0520000000000000,0.0550000000000000,0.0580000000000000,0.0610000000000000,0.0640000000000000,0.0670000000000000,0.0700000000000000,0.0730000000000000,0.0760000000000000,0.0790000000000000,0.0820000000000000,0.0850000000000000,0.0880000000000000,0.0910000000000000,0.0940000000000000,0.0970000000000000,0.100000000000000,0.103000000000000,0.106000000000000,0.109000000000000,0.112000000000000,0.115000000000000,0.118000000000000,0.121000000000000,0.124000000000000,0.127000000000000,0.130000000000000,0.133000000000000,0.136000000000000,0.139000000000000,0.142000000000000,0.145000000000000,0.148000000000000,0.151000000000000,0.154000000000000,0.157000000000000,0.160000000000000,0.163000000000000,0.166000000000000,0.169000000000000,0.172000000000000,0.175000000000000,0.178000000000000,0.181000000000000,0.184000000000000,0.187000000000000,0.190000000000000,0.193000000000000,0.196000000000000,0.199000000000000,0.202000000000000,0.205000000000000,0.208000000000000,0.211000000000000,0.214000000000000,0.217000000000000,0.220000000000000,0.223000000000000,0.226000000000000,0.229000000000000,0.232000000000000,0.235000000000000,0.238000000000000,0.241000000000000,0.244000000000000,0.247000000000000,0.250000000000000,0.253000000000000,0.256000000000000,0.259000000000000,0.262000000000000,0.265000000000000,0.268000000000000,0.271000000000000,0.274000000000000,0.277000000000000,0.280000000000000,0.283000000000000,0.286000000000000,0.289000000000000,0.292000000000000,0.295000000000000,0.298000000000000,0.301000000000000,0.304000000000000,0.307000000000000,0.310000000000000,0.313000000000000,0.316000000000000,0.319000000000000,0.322000000000000,0.325000000000000,0.328000000000000,0.331000000000000,0.334000000000000,0.337000000000000,0.340000000000000,0.343000000000000,0.346000000000000,0.349000000000000,0.352000000000000,0.355000000000000,0.358000000000000,0.361000000000000,0.364000000000000,0.367000000000000,0.370000000000000,0.373000000000000,0.376000000000000,0.379000000000000,0.382000000000000,0.385000000000000,0.388000000000000,0.391000000000000,0.394000000000000,0.397000000000000,0.400000000000000,0.403000000000000,0.406000000000000,0.409000000000000,0.412000000000000,0.415000000000000,0.418000000000000,0.421000000000000,0.424000000000000,0.427000000000000,0.430000000000000,0.433000000000000,0.436000000000000,0.439000000000000,0.442000000000000,0.445000000000000,0.448000000000000,0.451000000000000,0.454000000000000,0.457000000000000,0.460000000000000,0.463000000000000,0.466000000000000,0.469000000000000,0.472000000000000,0.475000000000000,0.478000000000000,0.481000000000000,0.484000000000000,0.487000000000000,0.490000000000000,0.493000000000000,0.496000000000000,0.499000000000000,0.502000000000000,0.505000000000000,0.508000000000000,0.511000000000000,0.514000000000000,0.517000000000000,0.520000000000000,0.523000000000000,0.526000000000000,0.529000000000000,0.532000000000000,0.535000000000000,0.538000000000000,0.541000000000000,0.544000000000000,0.547000000000000,0.550000000000000,0.553000000000000,0.556000000000000,0.559000000000000,0.562000000000000,0.565000000000000,0.568000000000000,0.571000000000000,0.574000000000000,0.577000000000000,0.580000000000000,0.583000000000000,0.586000000000000,0.589000000000000,0.592000000000000,0.595000000000000,0.598000000000000,0.601000000000000,0.604000000000000,0.607000000000000,0.610000000000000,0.613000000000000,0.616000000000000,0.619000000000000,0.622000000000000,0.625000000000000,0.628000000000000,0.631000000000000,0.634000000000000,0.637000000000000,0.640000000000000,0.643000000000000,0.646000000000000,0.649000000000000,0.652000000000000,0.655000000000000,0.658000000000000,0.661000000000000,0.664000000000000,0.667000000000000,0.670000000000000,0.673000000000000,0.676000000000000,0.679000000000000,0.682000000000000,0.685000000000000,0.688000000000000,0.691000000000000,0.694000000000000,0.697000000000000,0.700000000000000,0.703000000000000,0.706000000000000,0.709000000000000,0.712000000000000,0.715000000000000,0.718000000000000,0.721000000000000,0.724000000000000,0.727000000000000,0.730000000000000,0.733000000000000,0.736000000000000,0.739000000000000,0.742000000000000,0.745000000000000,0.748000000000000,0.751000000000000,0.754000000000000,0.757000000000000,0.760000000000000,0.763000000000000,0.766000000000000,0.769000000000000,0.772000000000000,0.775000000000000,0.778000000000000,0.781000000000000,0.784000000000000,0.787000000000000,0.790000000000000,0.793000000000000,0.796000000000000,0.799000000000000,0.802000000000000,0.805000000000000,0.808000000000000,0.811000000000000,0.814000000000000,0.817000000000000,0.820000000000000,0.823000000000000,0.826000000000000,0.829000000000000,0.832000000000000,0.835000000000000,0.838000000000000,0.841000000000000,0.844000000000000,0.847000000000000,0.850000000000000,0.853000000000000,0.856000000000000,0.859000000000000,0.862000000000000,0.865000000000000,0.868000000000000,0.871000000000000,0.874000000000000,0.877000000000000,0.880000000000000,0.883000000000000,0.886000000000000,0.889000000000000,0.892000000000000,0.895000000000000,0.898000000000000,0.901000000000000,0.904000000000000,0.907000000000000,0.910000000000000,0.913000000000000,0.916000000000000,0.919000000000000,0.922000000000000,0.925000000000000,0.928000000000000,0.931000000000000,0.934000000000000,0.937000000000000,0.940000000000000,0.943000000000000,0.946000000000000,0.949000000000000,0.952000000000000,0.955000000000000,0.958000000000000,0.961000000000000,0.964000000000000,0.967000000000000,0.970000000000000,0.973000000000000,0.976000000000000,0.979000000000000,0.982000000000000,0.985000000000000,0.988000000000000,0.991000000000000,0.994000000000000,0.997000000000000,1,1.00300000000000,1.00600000000000,1.00900000000000,1.01200000000000,1.01500000000000,1.01800000000000,1.02100000000000,1.02400000000000,1.02700000000000,1.03000000000000,1.03300000000000,1.03600000000000,1.03900000000000,1.04200000000000,1.04500000000000,1.04800000000000,1.05100000000000,1.05400000000000,1.05700000000000,1.06000000000000,1.06300000000000,1.06600000000000,1.06900000000000,1.07200000000000,1.07500000000000,1.07800000000000,1.08100000000000,1.08400000000000,1.08700000000000,1.09000000000000,1.09300000000000,1.09600000000000,1.09900000000000,1.10200000000000,1.10500000000000,1.10800000000000,1.11100000000000,1.11400000000000,1.11700000000000,1.12000000000000,1.12300000000000,1.12600000000000,1.12900000000000,1.13200000000000,1.13500000000000,1.13800000000000,1.14100000000000,1.14400000000000,1.14700000000000,1.15000000000000,1.15300000000000,1.15600000000000,1.15900000000000,1.16200000000000,1.16500000000000,1.16800000000000,1.17100000000000,1.17400000000000,1.17700000000000,1.18000000000000,1.18300000000000,1.18600000000000,1.18900000000000,1.19200000000000,1.19500000000000,1.19800000000000,1.20100000000000,1.20400000000000,1.20700000000000,1.21000000000000,1.21300000000000,1.21600000000000,1.21900000000000,1.22200000000000,1.22500000000000,1.22800000000000,1.23100000000000,1.23400000000000,1.23700000000000,1.24000000000000,1.24300000000000,1.24600000000000,1.24900000000000,1.25200000000000,1.25500000000000,1.25800000000000,1.26100000000000,1.26400000000000,1.26700000000000,1.27000000000000,1.27300000000000,1.27600000000000,1.27900000000000,1.28200000000000,1.28500000000000,1.28800000000000,1.29100000000000,1.29400000000000,1.29700000000000,1.30000000000000,1.30300000000000,1.30600000000000,1.30900000000000,1.31200000000000,1.31500000000000,1.31800000000000,1.32100000000000,1.32400000000000,1.32700000000000,1.33000000000000,1.33300000000000,1.33600000000000,1.33900000000000,1.34200000000000,1.34500000000000,1.34800000000000,1.35100000000000,1.35400000000000,1.35700000000000,1.36000000000000,1.36300000000000,1.36600000000000,1.36900000000000,1.37200000000000,1.37500000000000,1.37800000000000,1.38100000000000,1.38400000000000,1.38700000000000,1.39000000000000,1.39300000000000,1.39600000000000,1.39900000000000,1.40200000000000,1.40500000000000,1.40800000000000,1.41100000000000,1.41400000000000,1.41700000000000,1.42000000000000,1.42300000000000,1.42600000000000,1.42900000000000,1.43200000000000,1.43500000000000,1.43800000000000,1.44100000000000,1.44400000000000,1.44700000000000,1.45000000000000,1.45300000000000,1.45600000000000,1.45900000000000,1.46200000000000,1.46500000000000,1.46800000000000,1.47100000000000,1.47400000000000,1.47700000000000,1.48000000000000,1.48300000000000,1.48600000000000,1.48900000000000,1.49200000000000,1.49500000000000,1.49800000000000,1.50100000000000,1.50400000000000,1.50700000000000,1.51000000000000,1.51300000000000,1.51600000000000,1.51900000000000,1.52200000000000,1.52500000000000,1.52800000000000,1.53100000000000,1.53400000000000,1.53700000000000,1.54000000000000,1.54300000000000,1.54600000000000,1.54900000000000,1.55200000000000,1.55500000000000,1.55800000000000,1.56100000000000,1.56400000000000,1.56700000000000,1.57000000000000,1.57300000000000,1.57600000000000,1.57900000000000,1.58200000000000,1.58500000000000,1.58800000000000,1.59100000000000,1.59400000000000,1.59700000000000,1.60000000000000,1.60300000000000,1.60600000000000,1.60900000000000,1.61200000000000,1.61500000000000,1.61800000000000,1.62100000000000,1.62400000000000,1.62700000000000,1.63000000000000,1.63300000000000,1.63600000000000,1.63900000000000,1.64200000000000,1.64500000000000,1.64800000000000,1.65100000000000,1.65400000000000,1.65700000000000,1.66000000000000,1.66300000000000,1.66600000000000,1.66900000000000,1.67200000000000,1.67500000000000,1.67800000000000,1.68100000000000,1.68400000000000,1.68700000000000,1.69000000000000,1.69300000000000,1.69600000000000,1.69900000000000,1.70200000000000,1.70500000000000,1.70800000000000,1.71100000000000,1.71400000000000,1.71700000000000,1.72000000000000,1.72300000000000,1.72600000000000,1.72900000000000,1.73200000000000,1.73500000000000,1.73800000000000,1.74100000000000,1.74400000000000,1.74700000000000,1.75000000000000,1.75300000000000,1.75600000000000,1.75900000000000,1.76200000000000,1.76500000000000,1.76800000000000,1.77100000000000,1.77400000000000,1.77700000000000,1.78000000000000,1.78300000000000,1.78600000000000,1.78900000000000,1.79200000000000,1.79500000000000,1.79800000000000,1.80100000000000,1.80400000000000,1.80700000000000,1.81000000000000,1.81300000000000,1.81600000000000,1.81900000000000,1.82200000000000,1.82500000000000,1.82800000000000,1.83100000000000,1.83400000000000,1.83700000000000,1.84000000000000,1.84300000000000,1.84600000000000,1.84900000000000,1.85200000000000,1.85500000000000,1.85800000000000,1.86100000000000,1.86400000000000,1.86700000000000,1.87000000000000,1.87300000000000,1.87600000000000,1.87900000000000,1.88200000000000,1.88500000000000,1.88800000000000,1.89100000000000,1.89400000000000,1.89700000000000,1.90000000000000,1.90300000000000,1.90600000000000,1.90900000000000,1.91200000000000,1.91500000000000,1.91800000000000,1.92100000000000,1.92400000000000,1.92700000000000,1.93000000000000,1.93300000000000,1.93600000000000,1.93900000000000,1.94200000000000,1.94500000000000,1.94800000000000,1.95100000000000,1.95400000000000,1.95700000000000,1.96000000000000,1.96300000000000,1.96600000000000,1.96900000000000,1.97200000000000,1.97500000000000,1.97800000000000,1.98100000000000,1.98400000000000,1.98700000000000,1.99000000000000,1.99300000000000,1.99600000000000,1.99900000000000,2.00200000000000,2.00500000000000,2.00800000000000,2.01100000000000,2.01400000000000,2.01700000000000,2.02000000000000,2.02300000000000,2.02600000000000,2.02900000000000,2.03200000000000,2.03500000000000,2.03800000000000,2.04100000000000,2.04400000000000,2.04700000000000,2.05000000000000,2.05300000000000,2.05600000000000,2.05900000000000,2.06200000000000,2.06500000000000,2.06800000000000,2.07100000000000,2.07400000000000,2.07700000000000,2.08000000000000,2.08300000000000,2.08600000000000,2.08900000000000,2.09200000000000,2.09500000000000,2.09800000000000,2.10100000000000,2.10400000000000,2.10700000000000,2.11000000000000,2.11300000000000,2.11600000000000,2.11900000000000,2.12200000000000,2.12500000000000,2.12800000000000,2.13100000000000,2.13400000000000,2.13700000000000,2.14000000000000,2.14300000000000,2.14600000000000,2.14900000000000,2.15200000000000,2.15500000000000,2.15800000000000,2.16100000000000,2.16400000000000,2.16700000000000,2.17000000000000,2.17300000000000,2.17600000000000,2.17900000000000,2.18200000000000,2.18500000000000,2.18800000000000,2.19100000000000,2.19400000000000,2.19700000000000,2.20000000000000,2.20300000000000,2.20600000000000,2.20900000000000,2.21200000000000,2.21500000000000,2.21800000000000,2.22100000000000,2.22400000000000,2.22700000000000,2.23000000000000,2.23300000000000,2.23600000000000,2.23900000000000,2.24200000000000,2.24500000000000,2.24800000000000,2.25100000000000,2.25400000000000,2.25700000000000,2.26000000000000,2.26300000000000,2.26600000000000,2.26900000000000,2.27200000000000,2.27500000000000,2.27800000000000,2.28100000000000,2.28400000000000,2.28700000000000,2.29000000000000,2.29300000000000,2.29600000000000,2.29900000000000,2.30200000000000,2.30500000000000,2.30800000000000,2.31100000000000,2.31400000000000,2.31700000000000,2.32000000000000,2.32300000000000,2.32600000000000,2.32900000000000,2.33200000000000,2.33500000000000,2.33800000000000,2.34100000000000,2.34400000000000,2.34700000000000,2.35000000000000,2.35300000000000,2.35600000000000,2.35900000000000,2.36200000000000,2.36500000000000,2.36800000000000,2.37100000000000,2.37400000000000,2.37700000000000,2.38000000000000,2.38300000000000,2.38600000000000,2.38900000000000,2.39200000000000,2.39500000000000,2.39800000000000,2.40100000000000,2.40400000000000,2.40700000000000,2.41000000000000,2.41300000000000,2.41600000000000,2.41900000000000,2.42200000000000,2.42500000000000,2.42800000000000,2.43100000000000,2.43400000000000,2.43700000000000,2.44000000000000,2.44300000000000,2.44600000000000,2.44900000000000,2.45200000000000,2.45500000000000,2.45800000000000,2.46100000000000,2.46400000000000,2.46700000000000,2.47000000000000,2.47300000000000,2.47600000000000,2.47900000000000,2.48200000000000,2.48500000000000,2.48800000000000,2.49100000000000,2.49400000000000,2.49700000000000,2.50000000000000,2.50300000000000,2.50600000000000,2.50900000000000,2.51200000000000,2.51500000000000,2.51800000000000,2.52100000000000,2.52400000000000,2.52700000000000,2.53000000000000,2.53300000000000,2.53600000000000,2.53900000000000,2.54200000000000,2.54500000000000,2.54800000000000,2.55100000000000,2.55400000000000,2.55700000000000,2.56000000000000,2.56300000000000,2.56600000000000,2.56900000000000,2.57200000000000,2.57500000000000,2.57800000000000,2.58100000000000,2.58400000000000,2.58700000000000,2.59000000000000,2.59300000000000,2.59600000000000,2.59900000000000,2.60200000000000,2.60500000000000,2.60800000000000,2.61100000000000,2.61400000000000,2.61700000000000,2.62000000000000,2.62300000000000,2.62600000000000,2.62900000000000,2.63200000000000,2.63500000000000,2.63800000000000,2.64100000000000,2.64400000000000,2.64700000000000,2.65000000000000,2.65300000000000,2.65600000000000,2.65900000000000,2.66200000000000,2.66500000000000,2.66800000000000,2.67100000000000,2.67400000000000,2.67700000000000,2.68000000000000,2.68300000000000,2.68600000000000,2.68900000000000,2.69200000000000,2.69500000000000,2.69800000000000,2.70100000000000,2.70400000000000,2.70700000000000,2.71000000000000,2.71300000000000,2.71600000000000,2.71900000000000,2.72200000000000,2.72500000000000,2.72800000000000,2.73100000000000,2.73400000000000,2.73700000000000,2.74000000000000,2.74300000000000,2.74600000000000,2.74900000000000,2.75200000000000,2.75500000000000,2.75800000000000,2.76100000000000,2.76400000000000,2.76700000000000,2.77000000000000,2.77300000000000,2.77600000000000,2.77900000000000,2.78200000000000,2.78500000000000,2.78800000000000,2.79100000000000,2.79400000000000,2.79700000000000,2.80000000000000,2.80300000000000,2.80600000000000,2.80900000000000,2.81200000000000,2.81500000000000,2.81800000000000,2.82100000000000,2.82400000000000,2.82700000000000,2.83000000000000,2.83300000000000,2.83600000000000,2.83900000000000,2.84200000000000,2.84500000000000,2.84800000000000,2.85100000000000,2.85400000000000,2.85700000000000,2.86000000000000,2.86300000000000,2.86600000000000,2.86900000000000,2.87200000000000,2.87500000000000,2.87800000000000,2.88100000000000,2.88400000000000,2.88700000000000,2.89000000000000,2.89300000000000,2.89600000000000,2.89900000000000,2.90200000000000,2.90500000000000,2.90800000000000,2.91100000000000,2.91400000000000,2.91700000000000,2.92000000000000,2.92300000000000,2.92600000000000,2.92900000000000,2.93200000000000,2.93500000000000,2.93800000000000,2.94100000000000,2.94400000000000,2.94700000000000,2.95000000000000,2.95300000000000,2.95600000000000,2.95900000000000,2.96200000000000,2.96500000000000,2.96800000000000,2.97100000000000,2.97400000000000,2.97700000000000,2.98000000000000,2.98300000000000,2.98600000000000,2.98900000000000,2.99200000000000,2.99500000000000,2.99800000000000,3.00100000000000,3.00400000000000,3.00700000000000,3.01000000000000,3.01300000000000,3.01600000000000,3.01900000000000,3.02200000000000,3.02500000000000,3.02800000000000,3.03100000000000,3.03400000000000,3.03700000000000,3.04000000000000,3.04300000000000,3.04600000000000,3.04900000000000,3.05200000000000,3.05500000000000,3.05800000000000,3.06100000000000,3.06400000000000,3.06700000000000,3.07000000000000,3.07300000000000,3.07600000000000,3.07900000000000,3.08200000000000,3.08500000000000,3.08800000000000,3.09100000000000,3.09400000000000,3.09700000000000,3.10000000000000,3.10300000000000,3.10600000000000,3.10900000000000,3.11200000000000,3.11500000000000,3.11800000000000,3.12100000000000,3.12400000000000,3.12700000000000,3.13000000000000,3.13300000000000,3.13600000000000,3.13900000000000,3.14200000000000,3.14500000000000,3.14800000000000,3.15100000000000,3.15400000000000,3.15700000000000,3.16000000000000,3.16300000000000,3.16600000000000,3.16900000000000,3.17200000000000,3.17500000000000,3.17800000000000,3.18100000000000,3.18400000000000,3.18700000000000,3.19000000000000,3.19300000000000,3.19600000000000,3.19900000000000,3.20200000000000,3.20500000000000,3.20800000000000,3.21100000000000,3.21400000000000,3.21700000000000,3.22000000000000,3.22300000000000,3.22600000000000,3.22900000000000,3.23200000000000,3.23500000000000,3.23800000000000,3.24100000000000,3.24400000000000,3.24700000000000,3.25000000000000,3.25300000000000,3.25600000000000,3.25900000000000,3.26200000000000,3.26500000000000,3.26800000000000,3.27100000000000,3.27400000000000,3.27700000000000,3.28000000000000,3.28300000000000,3.28600000000000,3.28900000000000,3.29200000000000,3.29500000000000,3.29800000000000,3.30100000000000,3.30400000000000,3.30700000000000,3.31000000000000,3.31300000000000,3.31600000000000,3.31900000000000,3.32200000000000,3.32500000000000,3.32800000000000,3.33100000000000,3.33400000000000,3.33700000000000,3.34000000000000,3.34300000000000,3.34600000000000,3.34900000000000,3.35200000000000,3.35500000000000,3.35800000000000,3.36100000000000,3.36400000000000,3.36700000000000,3.37000000000000,3.37300000000000,3.37600000000000,3.37900000000000,3.38200000000000,3.38500000000000,3.38800000000000,3.39100000000000,3.39400000000000,3.39700000000000,3.40000000000000,3.40300000000000,3.40600000000000,3.40900000000000,3.41200000000000,3.41500000000000,3.41800000000000,3.42100000000000,3.42400000000000,3.42700000000000,3.43000000000000,3.43300000000000,3.43600000000000,3.43900000000000,3.44200000000000,3.44500000000000,3.44800000000000,3.45100000000000,3.45400000000000,3.45700000000000,3.46000000000000,3.46300000000000,3.46600000000000,3.46900000000000,3.47200000000000,3.47500000000000,3.47800000000000,3.48100000000000,3.48400000000000,3.48700000000000,3.49000000000000,3.49300000000000,3.49600000000000,3.49900000000000,3.50200000000000,3.50500000000000,3.50800000000000,3.51100000000000,3.51400000000000,3.51700000000000,3.52000000000000,3.52300000000000,3.52600000000000,3.52900000000000,3.53200000000000,3.53500000000000,3.53800000000000,3.54100000000000,3.54400000000000,3.54700000000000,3.55000000000000,3.55300000000000,3.55600000000000,3.55900000000000,3.56200000000000,3.56500000000000,3.56800000000000,3.57100000000000,3.57400000000000,3.57700000000000,3.58000000000000,3.58300000000000,3.58600000000000,3.58900000000000,3.59200000000000,3.59500000000000,3.59800000000000};
//Frecuencia de treball PWM
float seq2[] ={0.00100000000000000,0.00400000000000000,0.00700000000000000,0.0100000000000000,0.0130000000000000,0.0160000000000000,0.0190000000000000,0.0220000000000000,0.0250000000000000,0.0280000000000000,0.0310000000000000,0.0340000000000000,0.0370000000000000,0.0400000000000000,0.0430000000000000,0.0460000000000000,0.0490000000000000,0.0520000000000000,0.0550000000000000,0.0580000000000000,0.0610000000000000,0.0640000000000000,0.0670000000000000,0.0700000000000000,0.0730000000000000,0.0760000000000000,0.0790000000000000,0.0820000000000000,0.0850000000000000,0.0880000000000000,0.0910000000000000,0.0940000000000000,0.0970000000000000,0.100000000000000,0.103000000000000,0.106000000000000,0.109000000000000,0.112000000000000,0.115000000000000,0.118000000000000,0.121000000000000,0.124000000000000,0.127000000000000,0.130000000000000,0.133000000000000,0.136000000000000,0.139000000000000,0.142000000000000,0.145000000000000,0.148000000000000,0.151000000000000,0.154000000000000,0.157000000000000,0.160000000000000,0.163000000000000,0.166000000000000,0.169000000000000,0.172000000000000,0.175000000000000,0.178000000000000,0.181000000000000,0.184000000000000,0.187000000000000,0.190000000000000,0.193000000000000,0.196000000000000,0.199000000000000,0.202000000000000,0.205000000000000,0.208000000000000,0.211000000000000,0.214000000000000,0.217000000000000,0.220000000000000,0.223000000000000,0.226000000000000,0.229000000000000,0.232000000000000,0.235000000000000,0.238000000000000,0.241000000000000,0.244000000000000,0.247000000000000,0.250000000000000,0.253000000000000,0.256000000000000,0.259000000000000,0.262000000000000,0.265000000000000,0.268000000000000,0.271000000000000,0.274000000000000,0.277000000000000,0.280000000000000,0.283000000000000,0.286000000000000,0.289000000000000,0.292000000000000,0.295000000000000,0.298000000000000,0.301000000000000,0.304000000000000,0.307000000000000,0.310000000000000,0.313000000000000,0.316000000000000,0.319000000000000,0.322000000000000,0.325000000000000,0.328000000000000,0.331000000000000,0.334000000000000,0.337000000000000,0.340000000000000,0.343000000000000,0.346000000000000,0.349000000000000,0.352000000000000,0.355000000000000,0.358000000000000,0.361000000000000,0.364000000000000,0.367000000000000,0.370000000000000,0.373000000000000,0.376000000000000,0.379000000000000,0.382000000000000,0.385000000000000,0.388000000000000,0.391000000000000,0.394000000000000,0.397000000000000,0.400000000000000,0.403000000000000,0.406000000000000,0.409000000000000,0.412000000000000,0.415000000000000,0.418000000000000,0.421000000000000,0.424000000000000,0.427000000000000,0.430000000000000,0.433000000000000,0.436000000000000,0.439000000000000,0.442000000000000,0.445000000000000,0.448000000000000,0.451000000000000,0.454000000000000,0.457000000000000,0.460000000000000,0.463000000000000,0.466000000000000,0.469000000000000,0.472000000000000,0.475000000000000,0.478000000000000,0.481000000000000,0.484000000000000,0.487000000000000,0.490000000000000,0.493000000000000,0.496000000000000,0.499000000000000,0.502000000000000,0.505000000000000,0.508000000000000,0.511000000000000,0.514000000000000,0.517000000000000,0.520000000000000,0.523000000000000,0.526000000000000,0.529000000000000,0.532000000000000,0.535000000000000,0.538000000000000,0.541000000000000,0.544000000000000,0.547000000000000,0.550000000000000,0.553000000000000,0.556000000000000,0.559000000000000,0.562000000000000,0.565000000000000,0.568000000000000,0.571000000000000,0.574000000000000,0.577000000000000,0.580000000000000,0.583000000000000,0.586000000000000,0.589000000000000,0.592000000000000,0.595000000000000,0.598000000000000,0.601000000000000,0.604000000000000,0.607000000000000,0.610000000000000,0.613000000000000,0.616000000000000,0.619000000000000,0.622000000000000,0.625000000000000,0.628000000000000,0.631000000000000,0.634000000000000,0.637000000000000,0.640000000000000,0.643000000000000,0.646000000000000,0.649000000000000,0.652000000000000,0.655000000000000,0.658000000000000,0.661000000000000,0.664000000000000,0.667000000000000,0.670000000000000,0.673000000000000,0.676000000000000,0.679000000000000,0.682000000000000,0.685000000000000,0.688000000000000,0.691000000000000,0.694000000000000,0.697000000000000,0.700000000000000,0.703000000000000,0.706000000000000,0.709000000000000,0.712000000000000,0.715000000000000,0.718000000000000,0.721000000000000,0.724000000000000,0.727000000000000,0.730000000000000,0.733000000000000,0.736000000000000,0.739000000000000,0.742000000000000,0.745000000000000,0.748000000000000,0.751000000000000,0.754000000000000,0.757000000000000,0.760000000000000,0.763000000000000,0.766000000000000,0.769000000000000,0.772000000000000,0.775000000000000,0.778000000000000,0.781000000000000,0.784000000000000,0.787000000000000,0.790000000000000,0.793000000000000,0.796000000000000,0.799000000000000,0.802000000000000,0.805000000000000,0.808000000000000,0.811000000000000,0.814000000000000,0.817000000000000,0.820000000000000,0.823000000000000,0.826000000000000,0.829000000000000,0.832000000000000,0.835000000000000,0.838000000000000,0.841000000000000,0.844000000000000,0.847000000000000,0.850000000000000,0.853000000000000,0.856000000000000,0.859000000000000,0.862000000000000,0.865000000000000,0.868000000000000,0.871000000000000,0.874000000000000,0.877000000000000,0.880000000000000,0.883000000000000,0.886000000000000,0.889000000000000,0.892000000000000,0.895000000000000,0.898000000000000,0.901000000000000,0.904000000000000,0.907000000000000,0.910000000000000,0.913000000000000,0.916000000000000,0.919000000000000,0.922000000000000,0.925000000000000,0.928000000000000,0.931000000000000,0.934000000000000,0.937000000000000,0.940000000000000,0.943000000000000,0.946000000000000,0.949000000000000,0.952000000000000,0.955000000000000,0.958000000000000,0.961000000000000,0.964000000000000,0.967000000000000,0.970000000000000,0.973000000000000,0.976000000000000,0.979000000000000,0.982000000000000,0.985000000000000,0.988000000000000,0.991000000000000,0.994000000000000,0.997000000000000,1,1.00300000000000,1.00600000000000,1.00900000000000,1.01200000000000,1.01500000000000,1.01800000000000,1.02100000000000,1.02400000000000,1.02700000000000,1.03000000000000,1.03300000000000,1.03600000000000,1.03900000000000,1.04200000000000,1.04500000000000,1.04800000000000,1.05100000000000,1.05400000000000,1.05700000000000,1.06000000000000,1.06300000000000,1.06600000000000,1.06900000000000,1.07200000000000,1.07500000000000,1.07800000000000,1.08100000000000,1.08400000000000,1.08700000000000,1.09000000000000,1.09300000000000,1.09600000000000,1.09900000000000,1.10200000000000,1.10500000000000,1.10800000000000,1.11100000000000,1.11400000000000,1.11700000000000,1.12000000000000,1.12300000000000,1.12600000000000,1.12900000000000,1.13200000000000,1.13500000000000,1.13800000000000,1.14100000000000,1.14400000000000,1.14700000000000,1.15000000000000,1.15300000000000,1.15600000000000,1.15900000000000,1.16200000000000,1.16500000000000,1.16800000000000,1.17100000000000,1.17400000000000,1.17700000000000,1.18000000000000,1.18300000000000,1.18600000000000,1.18900000000000,1.19200000000000,1.19500000000000,1.19800000000000,1.20100000000000,1.20400000000000,1.20700000000000,1.21000000000000,1.21300000000000,1.21600000000000,1.21900000000000,1.22200000000000,1.22500000000000,1.22800000000000,1.23100000000000,1.23400000000000,1.23700000000000,1.24000000000000,1.24300000000000,1.24600000000000,1.24900000000000,1.25200000000000,1.25500000000000,1.25800000000000,1.26100000000000,1.26400000000000,1.26700000000000,1.27000000000000,1.27300000000000,1.27600000000000,1.27900000000000,1.28200000000000,1.28500000000000,1.28800000000000,1.29100000000000,1.29400000000000,1.29700000000000,1.30000000000000,1.30300000000000,1.30600000000000,1.30900000000000,1.31200000000000,1.31500000000000,1.31800000000000,1.32100000000000,1.32400000000000,1.32700000000000,1.33000000000000,1.33300000000000,1.33600000000000,1.33900000000000,1.34200000000000,1.34500000000000,1.34800000000000,1.35100000000000,1.35400000000000,1.35700000000000,1.36000000000000,1.36300000000000,1.36600000000000,1.36900000000000,1.37200000000000,1.37500000000000,1.37800000000000,1.38100000000000,1.38400000000000,1.38700000000000,1.39000000000000,1.39300000000000,1.39600000000000,1.39900000000000,1.40200000000000,1.40500000000000,1.40800000000000,1.41100000000000,1.41400000000000,1.41700000000000,1.42000000000000,1.42300000000000,1.42600000000000,1.42900000000000,1.43200000000000,1.43500000000000,1.43800000000000,1.44100000000000,1.44400000000000,1.44700000000000,1.45000000000000,1.45300000000000,1.45600000000000,1.45900000000000,1.46200000000000,1.46500000000000,1.46800000000000,1.47100000000000,1.47400000000000,1.47700000000000,1.48000000000000,1.48300000000000,1.48600000000000,1.48900000000000,1.49200000000000,1.49500000000000,1.49800000000000,1.50100000000000,1.50400000000000,1.50700000000000,1.51000000000000,1.51300000000000,1.51600000000000,1.51900000000000,1.52200000000000,1.52500000000000,1.52800000000000,1.53100000000000,1.53400000000000,1.53700000000000,1.54000000000000,1.54300000000000,1.54600000000000,1.54900000000000,1.55200000000000,1.55500000000000,1.55800000000000,1.56100000000000,1.56400000000000,1.56700000000000,1.57000000000000,1.57300000000000,1.57600000000000,1.57900000000000,1.58200000000000,1.58500000000000,1.58800000000000,1.59100000000000,1.59400000000000,1.59700000000000,1.60000000000000,1.60300000000000,1.60600000000000,1.60900000000000,1.61200000000000,1.61500000000000,1.61800000000000,1.62100000000000,1.62400000000000,1.62700000000000,1.63000000000000,1.63300000000000,1.63600000000000,1.63900000000000,1.64200000000000,1.64500000000000,1.64800000000000,1.65100000000000,1.65400000000000,1.65700000000000,1.66000000000000,1.66300000000000,1.66600000000000,1.66900000000000,1.67200000000000,1.67500000000000,1.67800000000000,1.68100000000000,1.68400000000000,1.68700000000000,1.69000000000000,1.69300000000000,1.69600000000000,1.69900000000000,1.70200000000000,1.70500000000000,1.70800000000000,1.71100000000000,1.71400000000000,1.71700000000000,1.72000000000000,1.72300000000000,1.72600000000000,1.72900000000000,1.73200000000000,1.73500000000000,1.73800000000000,1.74100000000000,1.74400000000000,1.74700000000000,1.75000000000000,1.75300000000000,1.75600000000000,1.75900000000000,1.76200000000000,1.76500000000000,1.76800000000000,1.77100000000000,1.77400000000000,1.77700000000000,1.78000000000000,1.78300000000000,1.78600000000000,1.78900000000000,1.79200000000000,1.79500000000000,1.79800000000000,1.80100000000000,1.80400000000000,1.80700000000000,1.81000000000000,1.81300000000000,1.81600000000000,1.81900000000000,1.82200000000000,1.82500000000000,1.82800000000000,1.83100000000000,1.83400000000000,1.83700000000000,1.84000000000000,1.84300000000000,1.84600000000000,1.84900000000000,1.85200000000000,1.85500000000000,1.85800000000000,1.86100000000000,1.86400000000000,1.86700000000000,1.87000000000000,1.87300000000000,1.87600000000000,1.87900000000000,1.88200000000000,1.88500000000000,1.88800000000000,1.89100000000000,1.89400000000000,1.89700000000000,1.90000000000000,1.90300000000000,1.90600000000000,1.90900000000000,1.91200000000000,1.91500000000000,1.91800000000000,1.92100000000000,1.92400000000000,1.92700000000000,1.93000000000000,1.93300000000000,1.93600000000000,1.93900000000000,1.94200000000000,1.94500000000000,1.94800000000000,1.95100000000000,1.95400000000000,1.95700000000000,1.96000000000000,1.96300000000000,1.96600000000000,1.96900000000000,1.97200000000000,1.97500000000000,1.97800000000000,1.98100000000000,1.98400000000000,1.98700000000000,1.99000000000000,1.99300000000000,1.99600000000000,1.99900000000000,2.00200000000000,2.00500000000000,2.00800000000000,2.01100000000000,2.01400000000000,2.01700000000000,2.02000000000000,2.02300000000000,2.02600000000000,2.02900000000000,2.03200000000000,2.03500000000000,2.03800000000000,2.04100000000000,2.04400000000000,2.04700000000000,2.05000000000000,2.05300000000000,2.05600000000000,2.05900000000000,2.06200000000000,2.06500000000000,2.06800000000000,2.07100000000000,2.07400000000000,2.07700000000000,2.08000000000000,2.08300000000000,2.08600000000000,2.08900000000000,2.09200000000000,2.09500000000000,2.09800000000000,2.10100000000000,2.10400000000000,2.10700000000000,2.11000000000000,2.11300000000000,2.11600000000000,2.11900000000000,2.12200000000000,2.12500000000000,2.12800000000000,2.13100000000000,2.13400000000000,2.13700000000000,2.14000000000000,2.14300000000000,2.14600000000000,2.14900000000000,2.15200000000000,2.15500000000000,2.15800000000000,2.16100000000000,2.16400000000000,2.16700000000000,2.17000000000000,2.17300000000000,2.17600000000000,2.17900000000000,2.18200000000000,2.18500000000000,2.18800000000000,2.19100000000000,2.19400000000000,2.19700000000000,2.20000000000000,2.20300000000000,2.20600000000000,2.20900000000000,2.21200000000000,2.21500000000000,2.21800000000000,2.22100000000000,2.22400000000000,2.22700000000000,2.23000000000000,2.23300000000000,2.23600000000000,2.23900000000000,2.24200000000000,2.24500000000000,2.24800000000000,2.25100000000000,2.25400000000000,2.25700000000000,2.26000000000000,2.26300000000000,2.26600000000000,2.26900000000000,2.27200000000000,2.27500000000000,2.27800000000000,2.28100000000000,2.28400000000000,2.28700000000000,2.29000000000000,2.29300000000000,2.29600000000000,2.29900000000000,2.30200000000000,2.30500000000000,2.30800000000000,2.31100000000000,2.31400000000000,2.31700000000000,2.32000000000000,2.32300000000000,2.32600000000000,2.32900000000000,2.33200000000000,2.33500000000000,2.33800000000000,2.34100000000000,2.34400000000000,2.34700000000000,2.35000000000000,2.35300000000000,2.35600000000000,2.35900000000000,2.36200000000000,2.36500000000000,2.36800000000000,2.37100000000000,2.37400000000000,2.37700000000000,2.38000000000000,2.38300000000000,2.38600000000000,2.38900000000000,2.39200000000000,2.39500000000000,2.39800000000000,2.40100000000000,2.40400000000000,2.40700000000000,2.41000000000000,2.41300000000000,2.41600000000000,2.41900000000000,2.42200000000000,2.42500000000000,2.42800000000000,2.43100000000000,2.43400000000000,2.43700000000000,2.44000000000000,2.44300000000000,2.44600000000000,2.44900000000000,2.45200000000000,2.45500000000000,2.45800000000000,2.46100000000000,2.46400000000000,2.46700000000000,2.47000000000000,2.47300000000000,2.47600000000000,2.47900000000000,2.48200000000000,2.48500000000000,2.48800000000000,2.49100000000000,2.49400000000000,2.49700000000000,2.50000000000000,2.50300000000000,2.50600000000000,2.50900000000000,2.51200000000000,2.51500000000000,2.51800000000000,2.52100000000000,2.52400000000000,2.52700000000000,2.53000000000000,2.53300000000000,2.53600000000000,2.53900000000000,2.54200000000000,2.54500000000000,2.54800000000000,2.55100000000000,2.55400000000000,2.55700000000000,2.56000000000000,2.56300000000000,2.56600000000000,2.56900000000000,2.57200000000000,2.57500000000000,2.57800000000000,2.58100000000000,2.58400000000000,2.58700000000000,2.59000000000000,2.59300000000000,2.59600000000000,2.59900000000000,2.60200000000000,2.60500000000000,2.60800000000000,2.61100000000000,2.61400000000000,2.61700000000000,2.62000000000000,2.62300000000000,2.62600000000000,2.62900000000000,2.63200000000000,2.63500000000000,2.63800000000000,2.64100000000000,2.64400000000000,2.64700000000000,2.65000000000000,2.65300000000000,2.65600000000000,2.65900000000000,2.66200000000000,2.66500000000000,2.66800000000000,2.67100000000000,2.67400000000000,2.67700000000000,2.68000000000000,2.68300000000000,2.68600000000000,2.68900000000000,2.69200000000000,2.69500000000000,2.69800000000000,2.70100000000000,2.70400000000000,2.70700000000000,2.71000000000000,2.71300000000000,2.71600000000000,2.71900000000000,2.72200000000000,2.72500000000000,2.72800000000000,2.73100000000000,2.73400000000000,2.73700000000000,2.74000000000000,2.74300000000000,2.74600000000000,2.74900000000000,2.75200000000000,2.75500000000000,2.75800000000000,2.76100000000000,2.76400000000000,2.76700000000000,2.77000000000000,2.77300000000000,2.77600000000000,2.77900000000000,2.78200000000000,2.78500000000000,2.78800000000000,2.79100000000000,2.79400000000000,2.79700000000000,2.80000000000000,2.80300000000000,2.80600000000000,2.80900000000000,2.81200000000000,2.81500000000000,2.81800000000000,2.82100000000000,2.82400000000000,2.82700000000000,2.83000000000000,2.83300000000000,2.83600000000000,2.83900000000000,2.84200000000000,2.84500000000000,2.84800000000000,2.85100000000000,2.85400000000000,2.85700000000000,2.86000000000000,2.86300000000000,2.86600000000000,2.86900000000000,2.87200000000000,2.87500000000000,2.87800000000000,2.88100000000000,2.88400000000000,2.88700000000000,2.89000000000000,2.89300000000000,2.89600000000000,2.89900000000000,2.90200000000000,2.90500000000000,2.90800000000000,2.91100000000000,2.91400000000000,2.91700000000000,2.92000000000000,2.92300000000000,2.92600000000000,2.92900000000000,2.93200000000000,2.93500000000000,2.93800000000000,2.94100000000000,2.94400000000000,2.94700000000000,2.95000000000000,2.95300000000000,2.95600000000000,2.95900000000000,2.96200000000000,2.96500000000000,2.96800000000000,2.97100000000000,2.97400000000000,2.97700000000000,2.98000000000000,2.98300000000000,2.98600000000000,2.98900000000000,2.99200000000000,2.99500000000000,2.99800000000000,3.00100000000000,3.00400000000000,3.00700000000000,3.01000000000000,3.01300000000000,3.01600000000000,3.01900000000000,3.02200000000000,3.02500000000000,3.02800000000000,3.03100000000000,3.03400000000000,3.03700000000000,3.04000000000000,3.04300000000000,3.04600000000000,3.04900000000000,3.05200000000000,3.05500000000000,3.05800000000000,3.06100000000000,3.06400000000000,3.06700000000000,3.07000000000000,3.07300000000000,3.07600000000000,3.07900000000000,3.08200000000000,3.08500000000000,3.08800000000000,3.09100000000000,3.09400000000000,3.09700000000000,3.10000000000000,3.10300000000000,3.10600000000000,3.10900000000000,3.11200000000000,3.11500000000000,3.11800000000000,3.12100000000000,3.12400000000000,3.12700000000000,3.13000000000000,3.13300000000000,3.13600000000000,3.13900000000000,3.14200000000000,3.14500000000000,3.14800000000000,3.15100000000000,3.15400000000000,3.15700000000000,3.16000000000000,3.16300000000000,3.16600000000000,3.16900000000000,3.17200000000000,3.17500000000000,3.17800000000000,3.18100000000000,3.18400000000000,3.18700000000000,3.19000000000000,3.19300000000000,3.19600000000000,3.19900000000000,3.20200000000000,3.20500000000000,3.20800000000000,3.21100000000000,3.21400000000000,3.21700000000000,3.22000000000000,3.22300000000000,3.22600000000000,3.22900000000000,3.23200000000000,3.23500000000000,3.23800000000000,3.24100000000000,3.24400000000000,3.24700000000000,3.25000000000000,3.25300000000000,3.25600000000000,3.25900000000000,3.26200000000000,3.26500000000000,3.26800000000000,3.27100000000000,3.27400000000000,3.27700000000000,3.28000000000000,3.28300000000000,3.28600000000000,3.28900000000000,3.29200000000000,3.29500000000000,3.29800000000000,3.30100000000000,3.30400000000000,3.30700000000000,3.31000000000000,3.31300000000000,3.31600000000000,3.31900000000000,3.32200000000000,3.32500000000000,3.32800000000000,3.33100000000000,3.33400000000000,3.33700000000000,3.34000000000000,3.34300000000000,3.34600000000000,3.34900000000000,3.35200000000000,3.35500000000000,3.35800000000000,3.36100000000000,3.36400000000000,3.36700000000000,3.37000000000000,3.37300000000000,3.37600000000000,3.37900000000000,3.38200000000000,3.38500000000000,3.38800000000000,3.39100000000000,3.39400000000000,3.39700000000000,3.40000000000000,3.40300000000000,3.40600000000000,3.40900000000000,3.41200000000000,3.41500000000000,3.41800000000000,3.42100000000000,3.42400000000000,3.42700000000000,3.43000000000000,3.43300000000000,3.43600000000000,3.43900000000000,3.44200000000000,3.44500000000000,3.44800000000000,3.45100000000000,3.45400000000000,3.45700000000000,3.46000000000000,3.46300000000000,3.46600000000000,3.46900000000000,3.47200000000000,3.47500000000000,3.47800000000000,3.48100000000000,3.48400000000000,3.48700000000000,3.49000000000000,3.49300000000000,3.49600000000000,3.49900000000000,3.50200000000000,3.50500000000000,3.50800000000000,3.51100000000000,3.51400000000000,3.51700000000000,3.52000000000000,3.52300000000000,3.52600000000000,3.52900000000000,3.53200000000000,3.53500000000000,3.53800000000000,3.54100000000000,3.54400000000000,3.54700000000000,3.55000000000000,3.55300000000000,3.55600000000000,3.55900000000000,3.56200000000000,3.56500000000000,3.56800000000000,3.57100000000000,3.57400000000000,3.57700000000000,3.58000000000000,3.58300000000000,3.58600000000000,3.58900000000000,3.59200000000000,3.59500000000000,3.59800000000000};

//Declarem variable de control adc1 per a maximizar funcionament
float adc1vector[1200];
float adc2vector[1200];

 int main() {
     
     while(true) {
         timer.reset();
         sensor.start();
         wait_us(100);
         a = sensor.get_dist_cm(); 
         b = left.get_dist_cm();
         c = rigth.get_dist_cm();
         pc.printf(" %5.1f,%5.1f,%5.1f \n", a,b,c);
         timer.stop();
         wait_ms(500);
         if(a>80 ){
            //Sequencia intermitent vibrador
            for(int i=0; i<1200;i++){
            dac1=seq1[i];
            dac2=seq2[i];
            }}
        if(b<30 & b!=0.0){
            //Sequencia intermitent vibrador
            for(int i=0; i<1200;i++){
            dac1=seq1[i];//A2 left
            }}
        if(c<30 & c!=0.0){
            //Sequencia intermitent vibrador
            for(int i=0; i<1200;i++){
            dac2=seq1[i];//D13 ritgh
            }}
            wait_ms(800);      
     }
}

